
[-984.839172363, 68.194519043, -39.4375152588, 3.54931282997, 7.05934715271, -22.2189788818, -28.092294693, -19.2629623413, -13.0319013596, -18.0309658051, -9.60715579987, 0.118274927139, -2.26717662811, 16374.8193359, 2741.73779297, 2086.51147461, 1498.8840332, 344.789672852, 1205.77124023, 1161.48779297, 422.707733154, 302.916625977, 262.809082031, 158.45223999, 200.473983765, 81.8363342285, -1138.42004395, 1.14440917969e-05, -172.174194336, -97.075843811, -36.5784263611, -100.564735413, -97.1241912842, -75.8305206299, -46.5729293823, -54.5315551758, -39.231754303, -45.9988441467, -21.3893089294, -731.484924316, 157.664550781, 21.6440124512, 91.3090057373, 53.022403717, 47.0670471191, 45.1461868286, 19.9225711823, 17.0507087708, 2.67980957031, 17.1744346619, 27.0648212433, 22.9355278015]

[-1029.03369141, 57.2181396484, -20.5287208557, -3.76890063286, 1.45616328716, -11.1109600067, -20.1988983154, -17.2369232178, -11.1880779266, -12.9581251144, -11.3443956375, -0.811368763447, -5.05088186264, 15048.6962891, 4165.80761719, 1703.81896973, 921.689758301, 354.022521973, 519.419921875, 638.778442383, 522.686218262, 314.253936768, 203.074539185, 199.757446289, 224.417129517, 113.969528198, -1138.42004395, -42.5027694702, -136.463287354, -103.195838928, -72.137878418, -89.8043518066, -73.7802047729, -81.1645050049, -71.0504608154, -55.3151931763, -49.1279029846, -41.1455192566, -33.7360343933, -746.154907227, 160.866333008, 41.2106666565, 88.8543395996, 46.6222877502, 33.8376159668, 17.7133827209, 10.611574173, 23.6336479187, -2.28881835938e-05, 12.5446510315, 34.5835037231, 14.1329078674]

[-1000.00292969, 77.6772537231, -0.83843588829, 24.4462432861, 1.35483372211, -17.7874660492, -17.5991020203, -4.88802671432, -6.44520902634, -5.48644685745, -6.40349912643, -6.72421216965, 0.0315537005663, 13831.7070312, 6857.51855469, 1129.04626465, 1635.55749512, 533.846069336, 679.788879395, 636.927734375, 216.285964966, 124.607215881, 191.751647949, 118.271286011, 125.331001282, 79.6938705444, -1138.42004395, -111.319450378, -80.8251190186, -55.5635147095, -47.8901062012, -89.5173339844, -75.5964813232, -44.6627502441, -44.690284729, -44.9988632202, -34.3384399414, -41.6192131042, -23.2358360291, -818.683898926, 209.095031738, 85.2437133789, 123.158760071, 55.6228065491, 17.0988311768, 41.2396011353, 27.1734867096, 21.0777931213, 22.4519672394, 12.9077339172, 19.5364780426, 32.3884544373]

[-950.093078613, 50.3054084778, 2.40042948723, 23.6421031952, 2.40233612061, -18.3135051727, -39.3344078064, -9.25482463837, -14.7001285553, -5.54983997345, -9.51098632812, -8.64098167419, -0.580686211586, 7759.31054688, 8430.99414062, 2227.75585938, 1280.33862305, 462.940368652, 1180.02197266, 454.679534912, 357.262512207, 236.226150513, 210.288162231, 271.488525391, 140.783676147, 92.7086029053, -1138.42004395, -134.03944397, -121.917404175, -59.6219978333, -38.840511322, -86.5157470703, -85.8930740356, -54.5448379517, -45.7752914429, -39.3540267944, -49.6103210449, -27.2055244446, -24.6798362732, -831.449523926, 195.002838135, 97.3817367554, 106.818260193, 63.5441017151, 35.8292961121, 4.72291946411, 45.626121521, 22.0538215637, 19.36170578, 20.1967201233, 25.8063411713, 25.4922027588]

[-1058.84924316, 61.0129585266, 18.327747345, 7.9988079071, -15.5575408936, -15.8565979004, 1.26986861229, 2.29154253006, -7.05131721497, -4.66955137253, 2.17138600349, -6.14498806, -5.47814655304, 7297.97460938, 4930.39794922, 1039.34106445, 988.273864746, 672.889160156, 470.64743042, 217.224838257, 382.806060791, 217.435211182, 69.5570068359, 158.484603882, 69.1016693115, 94.6918487549, -1138.42004395, -104.382896423, -54.5277290344, -41.0682754517, -77.9161376953, -70.7912597656, -37.0513305664, -39.7418670654, -48.9847183228, -32.8182067871, -19.5241451263, -29.3937034607, -35.372631073, -792.749023438, 199.449005127, 102.217895508, 118.978553772, 25.5710639954, 21.5003967285, 35.1592178345, 50.9406814575, 14.6137542725, 10.114276886, 46.50182724, 19.2358951569, 12.3212890625]

[-1041.08666992, 84.4816589355, 19.6866531372, 10.6732530594, -1.97466003895, -17.3518886566, -9.848279953, -10.7673664093, -17.4870529175, -6.22743606567, -0.725225925446, -8.70866107941, -6.98820400238, 8362.18261719, 5563.93847656, 1023.26885986, 365.037872314, 223.500732422, 597.205810547, 196.317840576, 235.049514771, 321.279724121, 272.517028809, 142.163360596, 289.463439941, 205.122070312, -1138.42004395, -19.0721473694, -37.9557762146, -28.7130203247, -40.138458252, -77.862121582, -49.1117324829, -57.3140640259, -66.5909576416, -43.765953064, -30.2829036713, -40.5447807312, -48.3650932312, -876.043762207, 189.153167725, 84.0432128906, 61.3047637939, 41.1832771301, 22.440032959, 26.5376358032, 11.4432010651, 13.4298439026, 29.70952034, 23.8734397888, 20.4693241119, 15.2282791138]

[-1014.12756348, 81.4910049438, -10.4539108276, -0.0584561787546, -4.29433059692, -18.1177139282, -1.69888579845, -9.74922084808, -8.96108150482, 3.57393550873, -7.57650947571, -16.4249897003, -2.04457306862, 18052.8710938, 6962.15820312, 1741.50439453, 556.803710938, 686.549438477, 845.143310547, 160.970779419, 148.31187439, 159.808883667, 257.12677002, 197.876098633, 453.441558838, 84.107749939, -1138.42004395, -21.9250679016, -121.623153687, -58.6523284912, -103.921783447, -103.261230469, -59.9098434448, -53.537689209, -47.3978652954, -41.0276260376, -53.3706855774, -64.5820465088, -28.6907310486, -777.450927734, 226.909393311, 83.5296020508, 82.8868331909, 60.1082344055, 19.026473999, 29.8470535278, 2.0756149292, 21.8521614075, 32.4456329346, 16.7995872498, 23.0750408173, 29.388256073]

[-1029.10510254, 73.5536575317, -23.3071632385, -24.8311309814, -9.14362621307, -6.46395254135, 1.343542099, -5.78312349319, -14.1364383698, -12.3442115784, -9.19726276398, -7.60796737671, -7.00084638596, 15946.3535156, 6095.86328125, 2311.0546875, 1551.83764648, 305.797943115, 252.87286377, 151.064834595, 107.443107605, 342.443572998, 248.301574707, 205.111297607, 137.043258667, 69.9604110718, -1138.42004395, 1.14440917969e-05, -141.704376221, -102.704414368, -55.076385498, -61.8374137878, -29.0513381958, -37.3449554443, -75.8783111572, -66.75415802, -50.2073097229, -46.8871879578, -26.6994895935, -796.900390625, 196.7550354, 57.0289039612, 33.3037910461, 17.1337585449, 22.1374359131, 34.1524429321, 8.46514320374, 17.2708320618, 6.57132911682, 16.6388168335, 26.9968128204, 1.92570495605]

[-957.026184082, 66.9530792236, -9.86364841461, -0.138361871243, -21.5098590851, -8.6900100708, -6.62805509567, -1.37858474255, -2.27287960052, -7.30728912354, -5.01361656189, -10.5622348785, -1.52966690063, 40836.0351562, 6000.98730469, 727.084472656, 818.721496582, 842.199707031, 381.071899414, 273.773406982, 136.12109375, 129.038070679, 101.04309845, 122.358322144, 201.856185913, 105.44392395, -1138.27319336, -38.8649749756, -76.0298309326, -42.3776626587, -84.7480392456, -62.3740539551, -55.4341278076, -33.8651504517, -29.1857681274, -38.9686813354, -44.927280426, -44.3260879517, -30.3756561279, -599.03894043, 198.138916016, 38.8694992065, 122.347442627, 13.2901649475, 40.5880966187, 27.7358932495, 28.8685073853, 34.1913795471, 14.1036739349, 14.2719306946, 17.4072208405, 18.8130722046]

[-1055.02612305, 47.7091178894, -12.5560112, 5.03318023682, -3.99949121475, -21.2597866058, -10.4754066467, -9.16683483124, -9.83169841766, -9.73256969452, -9.43098926544, -4.98846912384, -3.80569124222, 9050.38769531, 2277.11328125, 1906.06188965, 1078.3638916, 253.716827393, 829.757080078, 524.493103027, 232.578994751, 186.340988159, 198.379119873, 387.868255615, 103.427032471, 62.4637069702, -1138.42004395, 1.14440917969e-05, -140.955993652, -58.5695266724, -59.7938232422, -93.6053161621, -61.5638504028, -44.3665161133, -41.5731430054, -39.773979187, -70.8377075195, -31.0033683777, -23.9894676208, -798.686828613, 136.157775879, 66.1051330566, 90.0436401367, 29.3580818176, 21.0447845459, 33.4673233032, 17.1817569733, 16.2794532776, 21.1942691803, 27.1127433777, 24.2831668854, 11.4174346924]

[-975.488586426, 87.1920700073, -27.4260406494, -1.14680504799, -5.83680915833, -30.5314655304, -20.723110199, -24.3903312683, -20.7523612976, -8.0044002533, -11.1018667221, -8.76402664185, -12.2758140564, 14671.7519531, 3688.4296875, 4372.6796875, 838.617858887, 452.656951904, 881.511474609, 641.559020996, 460.773712158, 255.857971191, 205.567184448, 204.990356445, 147.903762817, 156.612792969, -1138.42004395, -22.8969306946, -198.829315186, -79.2400894165, -73.5961303711, -101.37210083, -95.8734130859, -94.5392913818, -59.9890060425, -41.2597885132, -40.3566627502, -29.029964447, -41.004573822, -764.992126465, 181.982086182, 88.6564941406, 51.0323944092, 26.0087928772, 13.6597290039, 30.7313461304, 11.2669773102, 16.5517406464, 34.9414520264, 17.3542537689, 20.312746048, 13.8654556274]

[-1042.25512695, 75.7395935059, 20.6125068665, -6.6853890419, -23.6024723053, -15.3327178955, -3.73380756378, -13.2847251892, -16.6096744537, -4.70860433578, -4.12269449234, -7.06601524353, 1.02596020699, 10166.6152344, 7542.91894531, 1143.16064453, 580.352111816, 1281.25683594, 638.187194824, 300.545227051, 282.719604492, 444.114135742, 272.781219482, 110.433502197, 194.180831909, 46.8022079468, -1138.42004395, -27.3705482483, -84.887298584, -54.1611099243, -91.2738952637, -89.0405883789, -52.008228302, -66.0258178711, -74.6349334717, -46.5113220215, -36.1072616577, -52.0077514648, -14.9165992737, -858.81854248, 217.837890625, 103.158874512, 61.3261604309, 45.3682861328, 15.7134857178, 36.0015869141, 9.17107582092, 3.37056350708, 33.3693084717, 16.6827812195, 26.7719726562, 19.7313957214]

[-1043.51904297, 57.2877044678, -6.23480844498, 3.79746794701, -15.2264165878, -20.4088230133, -11.8041620255, -23.3246173859, -9.36113452911, -0.550869524479, -13.9923582077, -3.50348067284, 1.23842322826, 8614.69238281, 3333.84521484, 636.708740234, 1292.10754395, 1075.68164062, 648.41973877, 476.800994873, 822.597290039, 207.315567017, 219.520431519, 462.820953369, 137.192855835, 97.1522827148, -1138.42004395, 1.14440917969e-05, -74.6824645996, -68.1363601685, -104.384567261, -91.5060424805, -67.4430389404, -86.9856262207, -56.5987014771, -54.4977722168, -70.1364746094, -35.7804679871, -18.0453071594, -857.522521973, 181.405456543, 51.4212989807, 102.469718933, 48.4006538391, 13.7743835449, 39.9086074829, 25.1920413971, 15.9039115906, 39.2146453857, 17.1548423767, 31.4094257355, 41.7759971619]

[-1030.81030273, 62.5981788635, -9.78488254547, 4.79038667679, -4.04108524323, -18.5657539368, -13.244802475, -14.0054597855, -15.1046686172, -6.08086442947, -2.62446832657, -4.83355140686, -6.06288337708, 11921.4208984, 4052.5949707, 2157.72875977, 644.135131836, 354.241485596, 755.007080078, 599.096618652, 407.820465088, 235.998153687, 137.621734619, 88.164680481, 105.827270508, 102.283363342, -1138.42004395, -48.5003471375, -153.754882812, -69.4662246704, -82.7981414795, -99.9368286133, -84.6687011719, -75.8659820557, -57.6725387573, -33.9981460571, -29.6681118011, -42.3434715271, -38.3965110779, -822.897644043, 196.41418457, 103.948394775, 82.916305542, 28.1151313782, 30.5006103516, 32.9210586548, 20.5806369781, 1.48146057129, 29.0645923615, 28.7108421326, 16.1041965485, 17.7175750732]

[-1032.56274414, 68.6076049805, -26.214263916, -22.3095912933, 1.73668324947, -5.88306760788, -18.965927124, -15.5490007401, -9.34177112579, -13.5908746719, -7.32559299469, -1.2425057888, -7.83731555939, 9466.36132812, 3792.6418457, 1619.57556152, 1346.08728027, 592.324157715, 573.524658203, 670.797424316, 490.804626465, 185.072235107, 198.797561646, 151.540023804, 197.824005127, 113.790771484, -1138.42004395, -8.10118484497, -135.910614014, -96.3856277466, -85.5011291504, -80.700012207, -89.6836395264, -95.1373291016, -42.037727356, -53.0353851318, -48.3939399719, -38.2434043884, -38.4899864197, -787.076904297, 176.227264404, 38.0271949768, 66.4229278564, 41.6845283508, 40.4279174805, 31.9643783569, 2.35059356689, 21.5146217346, 3.59721374512, 17.6625213623, 26.4818134308, 13.9428634644]

[-998.984558105, 83.7539978027, 0.539229631424, -4.01675462723, -16.2858314514, -13.417596817, -7.80883359909, -20.768157959, -21.6227455139, -6.33784532547, -4.02756118774, -7.74516630173, -4.06994533539, 15106.1416016, 6053.54638672, 795.235717773, 1269.73547363, 968.961791992, 449.352386475, 362.31729126, 523.006835938, 345.689086914, 316.505493164, 221.92578125, 166.34866333, 78.4586410522, -1138.42004395, -2.04362487793, -57.7705497742, -83.3086624146, -96.0971832275, -65.744720459, -69.5108947754, -97.7244873047, -65.0271072388, -57.2032318115, -42.5037117004, -45.3506164551, -32.0684585571, -799.129577637, 221.179504395, 87.0751800537, 78.7255706787, 33.9791069031, 20.7375659943, 39.336971283, 20.9907932281, -4.57763671875e-05, 32.0087814331, 24.8409156799, 19.7969379425, 18.8331871033]

[-1025.76342773, 90.6835479736, 41.8827323914, 33.802696228, -1.13216674328, -26.4068965912, -22.4228591919, -22.3405609131, -24.370759964, -14.8966245651, -8.63544082642, -4.10359573364, -0.0832400396466, 5588.17773438, 4460.86376953, 1143.28625488, 1177.1730957, 318.005554199, 893.003356934, 388.469360352, 306.114044189, 244.586303711, 106.465324402, 118.541870117, 171.859008789, 52.1820259094, -1138.42004395, -76.4496917725, -37.5446128845, -39.3974990845, -48.4462890625, -100.217559814, -54.5435943604, -57.8629684448, -55.1625442505, -34.358757019, -35.5944137573, -50.5363883972, -18.5883293152, -902.372558594, 199.586517334, 106.821075439, 98.1507110596, 33.7894935608, 16.0574493408, 41.6279220581, 17.5800876617, 3.48834037781, 0.706478118896, 15.1992607117, 18.8959903717, 13.0547981262]

[-1061.07067871, 55.8707847595, 15.1825971603, 13.3916702271, -7.43555688858, -11.0825576782, -0.0958194285631, 2.71984434128, -10.80909729, -10.0571393967, -1.82405161858, -3.13237977028, -0.934387564659, 7934.11035156, 4807.57910156, 709.979431152, 1359.29870605, 555.360229492, 404.031524658, 369.473083496, 309.226989746, 173.830551147, 154.386627197, 116.002235413, 75.4147186279, 111.792442322, -1138.42004395, -105.608512878, -41.6974372864, -42.3268203735, -62.5614929199, -61.9747581482, -60.495262146, -31.9679946899, -44.1007385254, -51.0054626465, -55.3448791504, -32.1993904114, -28.2938194275, -878.512207031, 192.667572021, 96.4424438477, 140.797424316, 39.4049110413, 19.9560546875, 41.4988327026, 65.8252410889, 16.1027946472, 2.75371551514, 24.5092811584, 17.2591190338, 27.2812728882]

[-1036.2956543, 65.7780914307, 11.1086406708, 0.685366630554, -18.01471138, -14.1893224716, 0.387433290482, 0.547200977802, -11.9998044968, -8.09091758728, -1.62002694607, -5.55241680145, 1.60561323166, 11974.5048828, 5718.609375, 674.688049316, 937.664855957, 730.633117676, 829.890319824, 407.87612915, 379.003601074, 308.945220947, 87.7189178467, 194.823944092, 104.713562012, 109.4740448, -1138.42004395, -73.7048110962, -63.3097496033, -63.6673126221, -79.0992889404, -99.8652801514, -55.580581665, -58.4807357788, -66.9102401733, -29.297416687, -54.9076881409, -42.0154533386, -20.829158783, -800.178222656, 197.27633667, 82.8003234863, 104.365509033, 21.727432251, 31.3361206055, 43.9956588745, 44.9702377319, 15.8712730408, 11.2630310059, 30.3098945618, 30.9520893097, 38.0183067322]

[-1017.12115479, 93.543838501, 31.8133907318, 15.6871089935, -1.14948630333, -26.6903762817, -18.3689479828, -15.007311821, -23.024559021, -13.3574829102, -4.95006990433, -6.17828655243, 1.08911907673, 8399.74511719, 5603.78027344, 1098.91540527, 650.823669434, 624.644287109, 633.597290039, 531.942382812, 264.346008301, 387.331359863, 205.93572998, 193.835159302, 131.687149048, 119.816184998, -1138.42004395, -95.4574890137, -73.1800384521, -36.7295303345, -58.2231140137, -86.4050445557, -63.7991714478, -53.0353660583, -67.9118881226, -58.0270385742, -41.4068946838, -44.9830589294, -26.0329399109, -797.690917969, 203.203674316, 100.168029785, 78.1794128418, 52.6046791077, 19.3178863525, 22.8481178284, 28.1402339935, 16.6240062714, 23.8763179779, 21.7097511292, 23.2258777618, 26.8138618469]

[-1009.54229736, 71.1640472412, 18.4488201141, 24.527173996, -4.76709651947, -16.599855423, -20.6352348328, -11.3175230026, -12.1340656281, -5.83285999298, -5.64152526855, -6.48091840744, -1.76537156105, 9866.10351562, 6055.75537109, 1332.39489746, 1254.89013672, 630.941101074, 854.639221191, 634.443847656, 427.044219971, 218.385925293, 161.108032227, 207.474060059, 145.711303711, 92.5513153076, -1138.42004395, -91.2091217041, -86.0738220215, -49.7684707642, -52.5341644287, -76.4609069824, -80.0283203125, -61.3767929077, -54.2568130493, -38.9421768188, -50.1189537048, -42.308177948, -33.8919067383, -835.398193359, 197.403961182, 92.2403564453, 100.979537964, 42.4407844543, 57.32188797, 20.438709259, 25.4588718414, 14.3014259338, 19.9079227448, 21.9372749329, 28.2718982697, 23.4948272705]

[-1058.6640625, 58.1513023376, -3.51774835587, -11.411192894, -7.44775152206, -4.83768701553, -7.59034633636, -14.8002281189, -9.84146022797, -3.26950192451, 0.0509528629482, -4.17131233215, -2.69390010834, 9356.75, 5663.70361328, 1283.37133789, 735.154541016, 342.012054443, 181.221252441, 512.702636719, 645.913635254, 492.962921143, 133.323272705, 89.4767608643, 95.9512939453, 57.5732116699, -1138.42004395, -5.44802474976, -118.66015625, -95.7649612427, -54.1681365967, -44.5789909363, -76.9809188843, -83.7284088135, -77.609375, -47.5804138184, -23.9929103851, -35.9813346863, -22.2489128113, -799.734436035, 215.005401611, 69.6746520996, 41.4179267883, 35.73645401, 26.0778961182, 38.0079727173, 24.4573001862, 37.208530426, 18.8050022125, 27.2609977722, 24.9673404694, 17.0052337646]

[-1013.3817749, 37.7674636841, -29.6464061737, 5.08242368698, -22.0463962555, -6.44351816177, 0.903015136719, -9.40703868866, -4.38967990875, -11.1142921448, -8.07174491882, -4.70594930649, -5.76685667038, 26917.2265625, 3873.01904297, 3232.94897461, 386.602020264, 1076.83654785, 252.871810913, 258.827209473, 349.125518799, 286.055358887, 218.76272583, 208.428909302, 87.2329711914, 115.160377502, -1138.42004395, -139.283416748, -176.609573364, -36.7489700317, -119.0128479, -57.1559104919, -45.0428237915, -73.8777770996, -45.0875167847, -48.054977417, -61.7010536194, -24.4760513306, -34.234172821, -689.200073242, 157.07711792, 43.436832428, 70.6995697021, 10.1274986267, 25.6649780273, 39.6147079468, 40.3935775757, 52.5552253723, 4.3198261261, 14.6628322601, 29.3895893097, 24.4082546234]

[-1027.2878418, 84.2693710327, 11.2001113892, 0.50845682621, -8.48678302765, -17.8463153839, -7.56944274902, -13.869102478, -22.9701080322, -9.72388362885, -1.51698327065, -3.53791761398, 2.17322945595, 11304.3496094, 5778.28857422, 1100.66931152, 1239.40270996, 1100.27148438, 564.44909668, 361.683105469, 272.214050293, 707.205627441, 236.587249756, 270.189331055, 197.656265259, 73.1418609619, -1138.42004395, -12.3628120422, -85.1673278809, -71.7034072876, -69.5652618408, -95.2875976562, -67.180770874, -56.6450576782, -87.7103271484, -49.2003097534, -28.3220882416, -42.0604515076, -17.6104698181, -796.91418457, 207.301483154, 88.004699707, 92.5953292847, 64.5380706787, 12.8973770142, 20.9207496643, 38.1892127991, 15.2497634888, 27.3176746368, 37.7282218933, 46.3141098022, 21.6600952148]

[-1022.27832031, 63.5556335449, 1.94246613979, 8.28393268585, -1.43862652779, -8.27233982086, -2.93667817116, -10.2591323853, -15.9684638977, -3.99844646454, -0.34970036149, -4.912733078, -3.45599222183, 14054.5595703, 7212.09130859, 921.308044434, 664.653991699, 728.194091797, 306.671264648, 367.313751221, 211.433944702, 296.909240723, 187.587020874, 61.0285835266, 115.66973114, 104.506752014, -1138.42004395, -148.464279175, -67.8981933594, -64.8733596802, -70.575630188, -56.4067649841, -58.1989364624, -49.1282501221, -52.9758834839, -37.7002868652, -17.940984726, -34.8047599792, -33.4495811462, -790.445983887, 207.28237915, 94.8616485596, 96.1714859009, 65.2410888672, 27.9171962738, 33.0802764893, 15.3132572174, 13.5009288788, 23.6747913361, 22.1423225403, 20.5492115021, 21.4478683472]

[-1017.51226807, 57.7937278748, -16.2778358459, 0.141410961747, -7.52297639847, -25.135843277, -7.08941507339, -13.5896682739, -15.819021225, -3.26063108444, -8.8359041214, -8.09302616119, -7.12976980209, 13264.4296875, 4544.31933594, 2180.15454102, 991.362854004, 722.946411133, 811.998962402, 566.441650391, 264.729858398, 251.315338135, 118.217903137, 145.764389038, 147.460281372, 73.5592498779, -1138.42004395, -72.7503662109, -144.01713562, -69.6465530396, -85.3161773682, -92.0407562256, -67.765586853, -53.3188781738, -50.0462722778, -41.3194656372, -46.6173629761, -38.2570610046, -31.6447715759, -796.188903809, 179.855743408, 75.7279129028, 85.6446914673, 60.9470367432, 17.8744792938, 47.1329269409, 22.5353488922, 6.17454910278, 16.7317848206, 15.1237297058, 23.4688262939, 13.5779151917]

[-965.195373535, 73.2387466431, 9.9093952179, -3.29644989967, -7.66733980179, -8.6094827652, -5.04969882965, -16.8449630737, -5.27721643448, -1.80170238018, 1.65836632252, -4.91049766541, -11.420882225, 18024.0546875, 9874.73632812, 934.231811523, 750.66595459, 761.088256836, 616.84552002, 363.136444092, 275.808685303, 449.692108154, 187.900924683, 269.582794189, 104.199729919, 133.62928772, -1138.2019043, -134.711151123, -60.7113456726, -85.7779006958, -69.3113708496, -75.2196655273, -67.5946044922, -55.0965957642, -52.798248291, -34.3489151001, -31.5053596497, -38.513256073, -44.784740448, -754.321166992, 242.559448242, 107.97819519, 64.8209991455, 96.3883361816, 40.660610199, 30.9185638428, 13.8123378754, 51.2232627869, 41.053237915, 42.6730766296, 10.90990448, 7.2094039917]

[-958.802001953, 76.1185531616, -1.17648696899, 14.7727642059, 2.40230965614, -14.0790472031, -5.00035715103, -12.1906375885, -4.8559794426, -2.95521855354, -11.8423805237, -9.10966205597, 2.25263905525, 25913.1289062, 6023.1875, 1495.33679199, 696.374633789, 472.112609863, 1033.79138184, 424.156738281, 300.256164551, 230.732711792, 84.0348510742, 160.576263428, 123.541770935, 118.752189636, -1138.42004395, -61.9974365234, -82.942565918, -43.6275177002, -40.8692626953, -91.6198425293, -57.7594223022, -59.5270195007, -38.6967124939, -24.7623825073, -60.6533088684, -41.8549728394, -27.3083953857, -712.48626709, 232.491027832, 95.1748657227, 70.2222824097, 61.4966316223, 53.9463043213, 48.5263824463, 23.5912723541, 37.8340339661, 22.425069809, 4.71741867065, 17.2067375183, 30.4905509949]

[-1005.09228516, 74.3089599609, 4.52457380295, 19.3617916107, 10.5683078766, -9.84960365295, -9.91564178467, -12.5609579086, -13.8372755051, -1.69417214394, 0.0670494586229, -4.50160503387, -3.24774503708, 18244.2929688, 6435.73193359, 800.599304199, 1142.64172363, 447.13394165, 671.611999512, 245.394821167, 269.051483154, 177.005737305, 85.348197937, 92.0279159546, 55.3454360962, 41.1442909241, -1138.42004395, -77.0838699341, -74.0183410645, -55.4088897705, -42.413734436, -76.3881225586, -57.0145492554, -50.1045532227, -39.6960830688, -29.8589096069, -26.4773387909, -32.5453910828, -25.3769493103, -732.30645752, 239.265808105, 94.2777328491, 133.008087158, 56.5095710754, 35.5762939453, 26.6982192993, 16.2687854767, 1.52217102051, 23.1939411163, 25.1284713745, 15.1913375854, 10.4386367798]

[-955.040222168, 45.4772186279, 12.4972486496, 8.30538654327, 1.18099188805, 5.66154813766, -25.2567253113, -14.1372184753, -11.6506757736, 0.0371046513319, -2.61281847954, -9.55856609344, -6.95059871674, 20255.4003906, 6082.21923828, 2279.20776367, 858.709594727, 313.381347656, 479.04196167, 518.781982422, 326.310913086, 236.8462677, 178.555709839, 134.550216675, 108.170623779, 55.3934364319, -1138.42004395, -143.761123657, -92.4728012085, -59.0672073364, -54.816696167, -41.4550437927, -75.8445739746, -65.5664367676, -59.4223709106, -25.972902298, -28.0993404388, -40.9196739197, -22.2933921814, -732.824645996, 189.376556396, 130.718536377, 75.2554626465, 45.7773933411, 55.670085907, 18.9747200012, 23.3659496307, 36.7347106934, 38.9754333496, 26.2076377869, 8.35137939453, 7.2998046875]

[-1004.63934326, 93.400177002, 3.15797829628, 4.75909328461, 2.61913347244, -21.3826885223, -6.48516845703, 3.1054494381, -9.74634456635, -6.6984539032, -3.18254542351, -8.84279823303, -2.75238728523, 15242.0517578, 7504.51025391, 867.071716309, 721.332641602, 781.071472168, 1150.56335449, 337.963592529, 308.031311035, 184.803726196, 112.001777649, 123.605285645, 111.120498657, 86.6037826538, -1137.61694336, 1.11491012573, -67.9998474121, -56.6964950562, -56.3418579102, -116.971740723, -46.1634864807, -38.512878418, -53.8577346802, -40.5079574585, -28.8991756439, -41.5820426941, -25.3638114929, -786.654846191, 237.210296631, 94.21875, 113.357276917, 62.3946266174, 18.7363739014, 24.852481842, 45.4275436401, 10.7781028748, 10.6935520172, 26.2123374939, 18.4252490997, 22.039100647]

[-956.799316406, 68.9767379761, -2.38833618164, 4.18018960953, 13.9630222321, -6.95430850983, -9.55140209198, -18.461227417, -16.6125774384, 8.5081653595, -2.77508330345, -8.25959014893, 3.08772230148, 18034.0527344, 9156.33203125, 822.704101562, 1342.38012695, 547.065612793, 610.869628906, 338.362091064, 268.597442627, 229.531005859, 201.10017395, 308.613983154, 128.794784546, 159.649002075, -1138.24291992, -142.867095947, -56.8262443542, -63.7956924438, -47.6642227173, -65.7273101807, -76.8139572144, -62.5480995178, -59.2804107666, -31.1461868286, -48.9923324585, -36.1926345825, -21.5464324951, -748.704833984, 244.05670166, 78.9886779785, 115.92930603, 103.963317871, 45.5495071411, 19.0016822815, 19.0200977325, 9.42332649231, 44.2079200745, 39.2664871216, 16.8315830231, 37.4389648438]

[-982.242675781, 77.510017395, 6.02353906631, 10.2242507935, -1.35986077785, -16.0883979797, -6.68768024445, -12.2518615723, -15.2248916626, 0.226544126868, -3.55975675583, -8.65380477905, 0.49920719862, 16078.4199219, 7546.42285156, 899.810668945, 1074.19335938, 338.659912109, 572.288513184, 316.756622314, 263.465576172, 201.422470093, 163.716110229, 135.817825317, 168.560760498, 75.3838348389, -1137.82653809, -61.8728904724, -56.6312828064, -59.0785293579, -50.3366699219, -82.5880432129, -47.7392807007, -54.1977920532, -56.5066070557, -25.9231491089, -41.1367111206, -46.3368110657, -16.7521076202, -735.705505371, 229.960357666, 67.0586776733, 121.944496155, 48.3636207581, 31.8376121521, 43.2348022461, 13.1134281158, 10.8550167084, 35.1697616577, 20.7467002869, 12.2846183777, 22.5186157227]

[-963.877441406, 83.0964584351, -0.571003496647, 23.1380195618, 9.14806747437, -16.1499195099, -13.9612951279, -14.5338497162, -16.4804058075, 4.75254011154, -0.955990970135, -12.7230167389, -1.21128892899, 16950.4375, 9410.84960938, 1150.44641113, 979.794555664, 415.437255859, 579.648864746, 396.202545166, 310.377716064, 229.024963379, 186.57119751, 136.596633911, 162.992385864, 91.4586410522, -1138.42004395, -155.951721191, -78.9530181885, -36.9799575806, -40.9148178101, -74.5526428223, -60.5385398865, -55.9837799072, -52.0254592896, -35.0223007202, -32.0618133545, -40.9391365051, -29.9116401672, -739.815612793, 230.432342529, 92.6970214844, 103.477928162, 56.6471290588, 17.6054382324, 18.7241382599, 21.3647918701, 7.82579421997, 44.9072799683, 36.2798194885, 11.5838127136, 27.813331604]

[-978.937255859, 73.3473815918, -15.3367443085, -1.00497746468, -2.95969438553, -5.12151241302, 2.94504976273, -12.341170311, -14.1811532974, -1.28866374493, 1.89786911011, 0.733809709549, -5.681432724, 19854.75, 8338.20507812, 1182.20507812, 1189.10351562, 342.371765137, 403.787597656, 111.977348328, 373.738922119, 248.717285156, 210.837799072, 124.21534729, 110.896034241, 89.5441055298, -1138.42004395, -134.942092896, -89.430770874, -90.6430740356, -56.0664978027, -58.2053947449, -28.7566566467, -62.7454681396, -56.9954299927, -36.984161377, -25.8821620941, -18.9292678833, -53.0203094482, -677.900817871, 261.269622803, 52.0670509338, 79.1210479736, 49.2239723206, 32.5057640076, 26.583366394, 29.3138217926, 14.6007041931, 42.1125411987, 41.1926383972, 39.4108886719, 11.036239624]

[-962.831726074, 91.364654541, -29.3072853088, -7.75428771973, -10.2517375946, -18.1360778809, -5.65633058548, -7.35295963287, -17.8345527649, -11.7589931488, -6.62969875336, -4.89707326889, -9.90071105957, 25531.4960938, 6703.07666016, 1611.00231934, 1191.42858887, 807.577270508, 713.802490234, 325.507598877, 284.100219727, 395.776794434, 156.802307129, 156.575302124, 79.9647521973, 149.151092529, -1138.33093262, -2.02855300903, -116.284561157, -100.326667786, -60.6331329346, -78.2200317383, -55.3823394775, -45.8325119019, -81.6801147461, -37.9179000854, -39.7263412476, -26.6725997925, -44.0008354187, -693.506530762, 248.65435791, 44.7606239319, 98.9189453125, 66.4237060547, 30.8746013641, 35.7289962769, 27.9987163544, 19.4381713867, 11.5907154083, 22.2557182312, 25.1434345245, 16.018825531]

[-1018.29949951, 64.0747756958, -5.76420593262, -4.96873998642, -5.31210947037, -5.82840538025, 3.17283320427, -6.6667971611, -18.8181095123, 2.8359143734, 6.85345602036, -4.09592819214, -1.97478330135, 14818.2900391, 6121.81738281, 1056.41394043, 909.793212891, 345.912567139, 394.385223389, 174.709274292, 260.507659912, 372.088775635, 220.355209351, 129.008361816, 135.585250854, 82.3529510498, -1138.42004395, -70.3646316528, -85.8859329224, -82.5037765503, -48.5582122803, -57.9230918884, -34.7296791077, -47.4899253845, -70.5682296753, -29.3636932373, -20.8981380463, -30.865688324, -22.8193016052, -779.852600098, 256.669525146, 65.3827819824, 57.6973114014, 31.316619873, 31.3323669434, 34.7774734497, 24.2810764313, 2.34655380249, 44.2485351562, 42.7133598328, 20.2304325104, 23.996421814]

[-979.023010254, 105.270080566, -6.26146554947, 22.4693756104, 13.5186433792, -20.4849815369, -10.0710105896, -13.4703874588, -11.8225317001, 2.38359332085, -4.82096338272, -12.0219507217, -1.06881844997, 14817.1943359, 6364.08203125, 1012.08099365, 1672.28234863, 277.851257324, 848.242126465, 420.596679688, 393.041931152, 161.57661438, 159.505615234, 160.085769653, 190.362045288, 107.501495361, -1138.42004395, -15.8884773254, -72.2427520752, -46.6906814575, -27.6858634949, -80.6411437988, -61.8359298706, -65.5722198486, -57.2945632935, -31.1625442505, -35.3999099731, -50.1122360229, -18.1340751648, -780.744812012, 240.500518799, 58.2257423401, 129.158599854, 45.5957221985, 22.0699920654, 29.0528068542, 24.8380222321, 6.77392196655, 32.3663864136, 18.4759635925, 15.150680542, 23.0328063965]

[-986.848876953, 58.103969574, -1.23903083801, 0.926981985569, -7.2900223732, -7.85591936111, 6.04874801636, -9.99914360046, -14.1379413605, 3.07795166969, 0.997331798077, -5.2316403389, 1.60549008846, 18766.8085938, 5160.94384766, 1402.81335449, 656.240966797, 270.709228516, 396.896026611, 168.962005615, 219.583374023, 244.286361694, 388.318878174, 133.026855469, 76.1449203491, 60.1379852295, -1137.93640137, -121.180740356, -104.167633057, -80.0219192505, -51.6807174683, -63.7214012146, -26.1501712799, -66.1258087158, -56.2327804565, -34.2455596924, -23.579252243, -33.2731208801, -17.1029243469, -695.087341309, 204.284576416, 68.2081604004, 62.5435714722, 20.1107940674, 29.9683036804, 44.4088592529, 18.1618976593, 20.4866752625, 58.7381248474, 37.7977104187, 15.3190803528, 15.6191768646]

[-1016.39794922, 85.6358795166, 8.80497455597, -3.02663516998, -9.22005939484, -8.37445449829, 0.48948559165, -8.21368789673, -13.7538013458, 0.579012811184, 3.02041459084, -4.23891830444, 0.731227636337, 18664.5761719, 9414.06542969, 1022.54760742, 749.385375977, 514.941955566, 357.152160645, 195.944992065, 242.199050903, 271.91998291, 88.1408157349, 89.4741897583, 91.282623291, 61.7993240356, -1138.42004395, -7.54057693481, -49.9493980408, -67.8384780884, -91.6745605469, -57.1426048279, -47.5623016357, -54.4451675415, -68.1706237793, -30.917678833, -15.0267543793, -39.5522270203, -20.9730033875, -773.908813477, 269.02444458, 93.0360107422, 96.8178405762, 37.5076179504, 38.5544128418, 36.4510803223, 30.2148246765, 1.48249053955, 27.7052230835, 26.1144828796, 14.4607086182, 30.4429740906]

[-975.682800293, 101.950576782, -4.21022033691, 14.560716629, 11.9925823212, -19.2260990143, -21.2792243958, -5.04452705383, -15.0100860596, -5.05298089981, -3.40289926529, -14.1006526947, -3.43195152283, 16998.8378906, 6901.85595703, 1618.27282715, 1095.43115234, 607.450744629, 545.254089355, 549.467956543, 234.993392944, 299.489440918, 145.280853271, 154.63621521, 273.636077881, 100.838493347, -1137.75830078, -86.5058441162, -84.9798126221, -42.302192688, -27.9679527283, -70.5261077881, -66.8387527466, -39.5020294189, -57.3136863708, -34.5800704956, -46.8402938843, -51.6007347107, -36.5795135498, -786.813720703, 255.290100098, 99.1975097656, 95.9433746338, 78.5457305908, 15.4410705566, 19.4367713928, 27.9011669159, 14.766330719, 23.2965450287, 29.5799217224, 14.3905067444, 17.7802124023]

[-963.201171875, 83.3054046631, 0.431549340487, 6.36748504639, 2.10839223862, -5.83825445175, -8.72954368591, -11.4373512268, -11.5412931442, -3.56817269325, -5.8043961525, -9.10455608368, 0.296040743589, 17843.1699219, 9248.52636719, 2354.72924805, 785.479858398, 206.835464478, 401.597808838, 171.466537476, 346.883026123, 150.656799316, 121.524795532, 83.1993331909, 101.100593567, 63.984249115, -1138.31518555, -70.6125946045, -101.057006836, -56.3704376221, -43.4878845215, -56.6407661438, -38.4023666382, -57.29712677, -44.6437034607, -30.3826217651, -25.8454418182, -37.2298049927, -21.5814628601, -777.932312012, 238.514099121, 114.241111755, 72.6370620728, 34.2914581299, 27.4895954132, 32.0073928833, 28.0739841461, 13.6970291138, 23.5993938446, 17.5064506531, 15.0302343369, 32.9014053345]

[-929.92364502, 63.3151359558, -6.75169229507, 11.1239862442, 2.86566877365, -2.59215688705, -12.0471754074, -13.586479187, -11.2113428116, 3.4040312767, -6.75934028625, -14.4169607162, 5.53347826004, 26247.6738281, 11899.6337891, 2001.71533203, 531.523986816, 337.711639404, 636.695983887, 321.732666016, 266.610015869, 236.811767578, 257.149841309, 146.866119385, 224.761520386, 151.00227356, -1138.42004395, -205.276412964, -113.221923828, -47.3819656372, -30.7586956024, -63.7164573669, -55.6753845215, -52.9112205505, -47.0847625732, -54.2236328125, -41.9815254211, -49.5730133057, -21.8651847839, -681.780273438, 233.145935059, 89.2956466675, 76.0347137451, 69.0526885986, 51.7370834351, 37.3194656372, 20.3933200836, 23.5117378235, 37.1149139404, 17.5721855164, 12.3102340698, 38.2930107117]

[-978.344177246, 75.1871871948, 12.7688550949, 15.3662281036, 6.85582208633, -9.43243217468, -18.5813560486, -8.49832057953, -9.64148235321, -5.2304224968, -8.36769962311, -8.90784454346, -0.900833129883, 17733.1269531, 13492.8222656, 997.348571777, 603.868408203, 690.108398438, 522.622009277, 567.45513916, 176.639328003, 215.083236694, 176.357315063, 168.519180298, 131.997055054, 88.6542434692, -1136.67529297, -192.412521362, -51.8073997498, -36.2400894165, -38.1311378479, -70.5027770996, -71.3396911621, -47.509475708, -55.1842498779, -45.7506408691, -61.0438423157, -47.1083030701, -27.8464698792, -745.035888672, 238.663665771, 97.4349365234, 73.3206481934, 74.261428833, 32.1490936279, 17.1870613098, 22.8387088776, 32.0871315002, 19.8143844604, 16.6371040344, 14.7379150391, 23.7598342896]

[-958.702026367, 32.4909934998, 5.226521492, 21.8282203674, 11.5253534317, 1.00893115997, -9.30803775787, -20.7796649933, -20.0250549316, 9.51261329651, 1.44215142727, -16.6518783569, -2.99705338478, 25795.5839844, 11740.6298828, 607.633728027, 786.718261719, 334.314483643, 382.341827393, 384.076385498, 473.73828125, 386.255065918, 236.389968872, 94.7907180786, 220.963302612, 86.8630447388, -1138.01843262, -196.075012207, -50.3159370422, -37.3865661621, -43.9804458618, -55.8600730896, -74.3748703003, -69.454284668, -65.5418624878, -34.3883361816, -28.1907978058, -60.2780418396, -28.0812950134, -682.68951416, 231.870910645, 67.9444885254, 89.4942016602, 79.037399292, 35.0117034912, 22.8208808899, 19.6211204529, 6.78393936157, 42.9636230469, 28.7654838562, 6.83505249023, 30.631313324]

[-1015.41082764, 74.4848022461, 2.96487808228, 11.3301181793, 4.2267999649, -17.6378993988, -11.4145460129, -3.77702140808, -9.90847587585, -4.04212760925, -5.117831707, -6.63107204437, -3.38954997063, 15900.0341797, 6501.12109375, 826.694274902, 660.666625977, 469.906524658, 854.012329102, 322.463592529, 262.289306641, 320.480987549, 170.336593628, 283.731781006, 149.106323242, 78.4275283813, -1136.73376465, -53.5118904114, -91.9169006348, -55.4890632629, -46.7615966797, -114.717956543, -73.3597946167, -38.0783615112, -66.5254440308, -40.5455551147, -54.9457740784, -49.3319816589, -27.2723655701, -726.756835938, 206.243133545, 84.2770996094, 98.2057113647, 71.2632598877, 16.8891143799, 15.0087928772, 44.2975234985, 22.0856513977, 26.2074165344, 35.7476615906, 10.5427398682, 25.282333374]

[-1014.28381348, 57.8926887512, -4.09545850754, 9.51590919495, 3.28723621368, -3.74736189842, -6.30655622482, -6.40292453766, -6.8326253891, -2.2709171772, -0.218656286597, -4.00873327255, 1.30400836468, 22307.5878906, 6287.67529297, 660.085510254, 470.545898438, 241.606307983, 296.896850586, 238.465484619, 182.562591553, 139.868972778, 105.720756531, 99.685333252, 88.818397522, 64.5152130127, -1138.42004395, -100.123718262, -108.775054932, -36.9272232056, -54.7450408936, -78.1011657715, -52.8720970154, -50.5341682434, -53.6909332275, -43.180847168, -32.1828079224, -38.4673080444, -24.0192832947, -728.613647461, 225.519714355, 69.1819610596, 71.6692657471, 51.5913276672, 29.6522922516, 26.8237533569, 29.262140274, 32.1994972229, 27.21575737, 30.4438743591, 18.809595108, 28.0781860352]

[-917.94732666, 61.6942634583, -24.3264293671, 5.41516399384, 7.58126974106, -8.27613639832, -11.4921140671, -10.1284952164, -13.3652925491, 11.1157989502, -0.0986911281943, -11.1854686737, -8.42125511169, 22946.7871094, 12678.359375, 2131.46899414, 1398.3626709, 341.730010986, 358.556732178, 305.739349365, 341.09375, 413.330352783, 256.532196045, 148.896530151, 192.652801514, 151.662857056, -1137.48083496, -124.374259949, -102.423233032, -62.409034729, -32.542640686, -57.1448173523, -62.439743042, -54.9862098694, -80.5814056396, -20.7410812378, -28.5862789154, -46.6180534363, -48.1143722534, -724.278442383, 227.444763184, 72.2169494629, 112.511192322, 70.1741943359, 33.7179870605, 31.3728675842, 17.0477085114, 13.3733310699, 54.9654998779, 39.5445289612, 10.2504196167, 17.8972587585]

[-1003.83453369, 45.3457298279, -4.86039400101, 18.8422641754, 3.47037672997, -10.3803186417, -4.56369781494, -12.3273611069, -7.71812391281, 0.858237028122, -4.09570789337, -5.60566949844, 0.722950041294, 21207.2207031, 9151.70703125, 758.729797363, 1074.79492188, 618.420410156, 720.480285645, 277.74105835, 331.701721191, 179.134994507, 138.544219971, 82.6264953613, 71.4676132202, 61.1274604797, -1138.42004395, -193.93359375, -94.7348632812, -58.4125289917, -63.3819122314, -73.1142425537, -56.298034668, -63.9796257019, -44.1881484985, -34.7233657837, -34.4230422974, -25.0097255707, -20.9570388794, -707.693237305, 235.752868652, 51.4148902893, 121.823272705, 57.4575996399, 34.9461212158, 31.3895740509, 12.0045871735, 16.7896156311, 35.6360168457, 15.2181396484, 13.6821746826, 28.1860923767]

[-966.467468262, 75.673614502, -3.54571795464, 4.36624288559, 8.40804195404, -12.1986665726, -7.60026741028, -16.8669300079, -11.9724473953, 15.7886552811, 2.99232530594, -13.8649940491, -3.39635252953, 20655.4960938, 7516.8828125, 1305.98986816, 808.38671875, 312.136230469, 593.130432129, 283.222930908, 269.635040283, 329.722229004, 398.592803955, 103.623420715, 193.220169067, 68.5892868042, -1137.0814209, -107.396118164, -93.3288726807, -57.9745559692, -46.2727966309, -58.966999054, -85.9384918213, -51.1710319519, -57.7854690552, -14.564453125, -22.847032547, -48.2652626038, -28.7127037048, -743.888549805, 239.773773193, 66.2577819824, 103.916687012, 74.8229370117, 45.3330078125, 22.3660926819, 9.29324531555, 16.3390388489, 61.0141487122, 25.2889137268, 15.9302921295, 16.3827552795]
