
[-731.484924316, 157.664550781, 21.6440124512, 91.3090057373, 53.022403717, 47.0670471191, 45.1461868286, 19.9225711823, 17.0507087708, 2.67980957031, 17.1744346619, 27.0648212433, 22.9355278015]

[-746.154907227, 160.866333008, 41.2106666565, 88.8543395996, 46.6222877502, 33.8376159668, 17.7133827209, 10.611574173, 23.6336479187, -2.28881835938e-05, 12.5446510315, 34.5835037231, 14.1329078674]

[-818.683898926, 209.095031738, 85.2437133789, 123.158760071, 55.6228065491, 17.0988311768, 41.2396011353, 27.1734867096, 21.0777931213, 22.4519672394, 12.9077339172, 19.5364780426, 32.3884544373]

[-831.449523926, 195.002838135, 97.3817367554, 106.818260193, 63.5441017151, 35.8292961121, 4.72291946411, 45.626121521, 22.0538215637, 19.36170578, 20.1967201233, 25.8063411713, 25.4922027588]

[-792.749023438, 199.449005127, 102.217895508, 118.978553772, 25.5710639954, 21.5003967285, 35.1592178345, 50.9406814575, 14.6137542725, 10.114276886, 46.50182724, 19.2358951569, 12.3212890625]

[-876.043762207, 189.153167725, 84.0432128906, 61.3047637939, 41.1832771301, 22.440032959, 26.5376358032, 11.4432010651, 13.4298439026, 29.70952034, 23.8734397888, 20.4693241119, 15.2282791138]

[-777.450927734, 226.909393311, 83.5296020508, 82.8868331909, 60.1082344055, 19.026473999, 29.8470535278, 2.0756149292, 21.8521614075, 32.4456329346, 16.7995872498, 23.0750408173, 29.388256073]

[-796.900390625, 196.7550354, 57.0289039612, 33.3037910461, 17.1337585449, 22.1374359131, 34.1524429321, 8.46514320374, 17.2708320618, 6.57132911682, 16.6388168335, 26.9968128204, 1.92570495605]

[-599.03894043, 198.138916016, 38.8694992065, 122.347442627, 13.2901649475, 40.5880966187, 27.7358932495, 28.8685073853, 34.1913795471, 14.1036739349, 14.2719306946, 17.4072208405, 18.8130722046]

[-798.686828613, 136.157775879, 66.1051330566, 90.0436401367, 29.3580818176, 21.0447845459, 33.4673233032, 17.1817569733, 16.2794532776, 21.1942691803, 27.1127433777, 24.2831668854, 11.4174346924]

[-764.992126465, 181.982086182, 88.6564941406, 51.0323944092, 26.0087928772, 13.6597290039, 30.7313461304, 11.2669773102, 16.5517406464, 34.9414520264, 17.3542537689, 20.312746048, 13.8654556274]

[-858.81854248, 217.837890625, 103.158874512, 61.3261604309, 45.3682861328, 15.7134857178, 36.0015869141, 9.17107582092, 3.37056350708, 33.3693084717, 16.6827812195, 26.7719726562, 19.7313957214]

[-857.522521973, 181.405456543, 51.4212989807, 102.469718933, 48.4006538391, 13.7743835449, 39.9086074829, 25.1920413971, 15.9039115906, 39.2146453857, 17.1548423767, 31.4094257355, 41.7759971619]

[-822.897644043, 196.41418457, 103.948394775, 82.916305542, 28.1151313782, 30.5006103516, 32.9210586548, 20.5806369781, 1.48146057129, 29.0645923615, 28.7108421326, 16.1041965485, 17.7175750732]

[-787.076904297, 176.227264404, 38.0271949768, 66.4229278564, 41.6845283508, 40.4279174805, 31.9643783569, 2.35059356689, 21.5146217346, 3.59721374512, 17.6625213623, 26.4818134308, 13.9428634644]

[-799.129577637, 221.179504395, 87.0751800537, 78.7255706787, 33.9791069031, 20.7375659943, 39.336971283, 20.9907932281, -4.57763671875e-05, 32.0087814331, 24.8409156799, 19.7969379425, 18.8331871033]

[-902.372558594, 199.586517334, 106.821075439, 98.1507110596, 33.7894935608, 16.0574493408, 41.6279220581, 17.5800876617, 3.48834037781, 0.706478118896, 15.1992607117, 18.8959903717, 13.0547981262]

[-878.512207031, 192.667572021, 96.4424438477, 140.797424316, 39.4049110413, 19.9560546875, 41.4988327026, 65.8252410889, 16.1027946472, 2.75371551514, 24.5092811584, 17.2591190338, 27.2812728882]

[-800.178222656, 197.27633667, 82.8003234863, 104.365509033, 21.727432251, 31.3361206055, 43.9956588745, 44.9702377319, 15.8712730408, 11.2630310059, 30.3098945618, 30.9520893097, 38.0183067322]

[-797.690917969, 203.203674316, 100.168029785, 78.1794128418, 52.6046791077, 19.3178863525, 22.8481178284, 28.1402339935, 16.6240062714, 23.8763179779, 21.7097511292, 23.2258777618, 26.8138618469]

[-835.398193359, 197.403961182, 92.2403564453, 100.979537964, 42.4407844543, 57.32188797, 20.438709259, 25.4588718414, 14.3014259338, 19.9079227448, 21.9372749329, 28.2718982697, 23.4948272705]

[-799.734436035, 215.005401611, 69.6746520996, 41.4179267883, 35.73645401, 26.0778961182, 38.0079727173, 24.4573001862, 37.208530426, 18.8050022125, 27.2609977722, 24.9673404694, 17.0052337646]

[-689.200073242, 157.07711792, 43.436832428, 70.6995697021, 10.1274986267, 25.6649780273, 39.6147079468, 40.3935775757, 52.5552253723, 4.3198261261, 14.6628322601, 29.3895893097, 24.4082546234]

[-796.91418457, 207.301483154, 88.004699707, 92.5953292847, 64.5380706787, 12.8973770142, 20.9207496643, 38.1892127991, 15.2497634888, 27.3176746368, 37.7282218933, 46.3141098022, 21.6600952148]

[-790.445983887, 207.28237915, 94.8616485596, 96.1714859009, 65.2410888672, 27.9171962738, 33.0802764893, 15.3132572174, 13.5009288788, 23.6747913361, 22.1423225403, 20.5492115021, 21.4478683472]

[-796.188903809, 179.855743408, 75.7279129028, 85.6446914673, 60.9470367432, 17.8744792938, 47.1329269409, 22.5353488922, 6.17454910278, 16.7317848206, 15.1237297058, 23.4688262939, 13.5779151917]

[-754.321166992, 242.559448242, 107.97819519, 64.8209991455, 96.3883361816, 40.660610199, 30.9185638428, 13.8123378754, 51.2232627869, 41.053237915, 42.6730766296, 10.90990448, 7.2094039917]

[-712.48626709, 232.491027832, 95.1748657227, 70.2222824097, 61.4966316223, 53.9463043213, 48.5263824463, 23.5912723541, 37.8340339661, 22.425069809, 4.71741867065, 17.2067375183, 30.4905509949]

[-732.30645752, 239.265808105, 94.2777328491, 133.008087158, 56.5095710754, 35.5762939453, 26.6982192993, 16.2687854767, 1.52217102051, 23.1939411163, 25.1284713745, 15.1913375854, 10.4386367798]

[-732.824645996, 189.376556396, 130.718536377, 75.2554626465, 45.7773933411, 55.670085907, 18.9747200012, 23.3659496307, 36.7347106934, 38.9754333496, 26.2076377869, 8.35137939453, 7.2998046875]

[-786.654846191, 237.210296631, 94.21875, 113.357276917, 62.3946266174, 18.7363739014, 24.852481842, 45.4275436401, 10.7781028748, 10.6935520172, 26.2123374939, 18.4252490997, 22.039100647]

[-748.704833984, 244.05670166, 78.9886779785, 115.92930603, 103.963317871, 45.5495071411, 19.0016822815, 19.0200977325, 9.42332649231, 44.2079200745, 39.2664871216, 16.8315830231, 37.4389648438]

[-735.705505371, 229.960357666, 67.0586776733, 121.944496155, 48.3636207581, 31.8376121521, 43.2348022461, 13.1134281158, 10.8550167084, 35.1697616577, 20.7467002869, 12.2846183777, 22.5186157227]

[-739.815612793, 230.432342529, 92.6970214844, 103.477928162, 56.6471290588, 17.6054382324, 18.7241382599, 21.3647918701, 7.82579421997, 44.9072799683, 36.2798194885, 11.5838127136, 27.813331604]

[-677.900817871, 261.269622803, 52.0670509338, 79.1210479736, 49.2239723206, 32.5057640076, 26.583366394, 29.3138217926, 14.6007041931, 42.1125411987, 41.1926383972, 39.4108886719, 11.036239624]

[-693.506530762, 248.65435791, 44.7606239319, 98.9189453125, 66.4237060547, 30.8746013641, 35.7289962769, 27.9987163544, 19.4381713867, 11.5907154083, 22.2557182312, 25.1434345245, 16.018825531]

[-779.852600098, 256.669525146, 65.3827819824, 57.6973114014, 31.316619873, 31.3323669434, 34.7774734497, 24.2810764313, 2.34655380249, 44.2485351562, 42.7133598328, 20.2304325104, 23.996421814]

[-780.744812012, 240.500518799, 58.2257423401, 129.158599854, 45.5957221985, 22.0699920654, 29.0528068542, 24.8380222321, 6.77392196655, 32.3663864136, 18.4759635925, 15.150680542, 23.0328063965]

[-695.087341309, 204.284576416, 68.2081604004, 62.5435714722, 20.1107940674, 29.9683036804, 44.4088592529, 18.1618976593, 20.4866752625, 58.7381248474, 37.7977104187, 15.3190803528, 15.6191768646]

[-773.908813477, 269.02444458, 93.0360107422, 96.8178405762, 37.5076179504, 38.5544128418, 36.4510803223, 30.2148246765, 1.48249053955, 27.7052230835, 26.1144828796, 14.4607086182, 30.4429740906]

[-786.813720703, 255.290100098, 99.1975097656, 95.9433746338, 78.5457305908, 15.4410705566, 19.4367713928, 27.9011669159, 14.766330719, 23.2965450287, 29.5799217224, 14.3905067444, 17.7802124023]

[-777.932312012, 238.514099121, 114.241111755, 72.6370620728, 34.2914581299, 27.4895954132, 32.0073928833, 28.0739841461, 13.6970291138, 23.5993938446, 17.5064506531, 15.0302343369, 32.9014053345]

[-681.780273438, 233.145935059, 89.2956466675, 76.0347137451, 69.0526885986, 51.7370834351, 37.3194656372, 20.3933200836, 23.5117378235, 37.1149139404, 17.5721855164, 12.3102340698, 38.2930107117]

[-745.035888672, 238.663665771, 97.4349365234, 73.3206481934, 74.261428833, 32.1490936279, 17.1870613098, 22.8387088776, 32.0871315002, 19.8143844604, 16.6371040344, 14.7379150391, 23.7598342896]

[-682.68951416, 231.870910645, 67.9444885254, 89.4942016602, 79.037399292, 35.0117034912, 22.8208808899, 19.6211204529, 6.78393936157, 42.9636230469, 28.7654838562, 6.83505249023, 30.631313324]

[-726.756835938, 206.243133545, 84.2770996094, 98.2057113647, 71.2632598877, 16.8891143799, 15.0087928772, 44.2975234985, 22.0856513977, 26.2074165344, 35.7476615906, 10.5427398682, 25.282333374]

[-728.613647461, 225.519714355, 69.1819610596, 71.6692657471, 51.5913276672, 29.6522922516, 26.8237533569, 29.262140274, 32.1994972229, 27.21575737, 30.4438743591, 18.809595108, 28.0781860352]

[-724.278442383, 227.444763184, 72.2169494629, 112.511192322, 70.1741943359, 33.7179870605, 31.3728675842, 17.0477085114, 13.3733310699, 54.9654998779, 39.5445289612, 10.2504196167, 17.8972587585]

[-707.693237305, 235.752868652, 51.4148902893, 121.823272705, 57.4575996399, 34.9461212158, 31.3895740509, 12.0045871735, 16.7896156311, 35.6360168457, 15.2181396484, 13.6821746826, 28.1860923767]

[-743.888549805, 239.773773193, 66.2577819824, 103.916687012, 74.8229370117, 45.3330078125, 22.3660926819, 9.29324531555, 16.3390388489, 61.0141487122, 25.2889137268, 15.9302921295, 16.3827552795]
