
[-919.993591309, 133.351043701, 89.2039718628, 102.24458313, 36.4529914856, 12.924243927, 11.253818512, 30.1985263824, 24.5348777771, 59.2425842285, 2.46307754517, 42.7189865112, 14.0202331543]

[-796.744689941, 180.259368896, 61.2193946838, 92.8398132324, 33.6928291321, 21.1000289917, 37.6923446655, 46.3288192749, 15.1745605469, 21.288690567, 20.6191139221, 20.2156238556, 5.05181121826]

[-820.044921875, 201.360809326, 83.7697372437, 135.008209229, 40.2604255676, 17.7160491943, 49.1847000122, 60.4309387207, 6.30314064026, 2.36644744873, 37.6313972473, 26.4105854034, 15.0093536377]

[-826.689147949, 189.334381104, 100.808364868, 47.614730835, 24.0490150452, 18.8528881073, 37.2937088013, 30.0762386322, 7.1508102417, 20.1704101562, 18.1838951111, 22.2211322784, 13.3338470459]

[-818.509643555, 211.689880371, 95.1721801758, 73.4224777222, 56.5564460754, 11.4912033081, 39.7794113159, 20.0765628815, 12.0679206848, 37.0277099609, 18.5111503601, 14.1345596313, 24.5433425903]

[-820.322509766, 200.974884033, 26.2097206116, 115.376792908, 38.883014679, 14.1470489502, 36.3498306274, 19.6292667389, 6.276927948, 23.0198688507, 15.6292152405, 13.4296569824, 19.3195724487]

[-596.312561035, 109.262413025, 58.9839172363, 47.6087417603, 23.4624385834, 19.2357711792, 36.6236190796, 41.9136047363, 16.2957363129, 11.7081050873, 22.0191993713, 29.6057987213, 14.6774139404]

[-795.892211914, 204.01651001, 68.5557327271, 85.7226409912, 53.1774940491, 38.2628936768, 28.0382766724, 8.08627510071, 25.5924186707, 49.5732727051, 21.3550300598, 12.8950500488, 20.8525085449]

[-580.661254883, 228.055664062, 64.2528991699, 114.392272949, 22.0565032959, 22.7512817383, 18.4882698059, 41.5374641418, 23.543554306, 11.5804252625, 25.8843803406, 36.6558609009, 24.1195983887]

[-915.709777832, 127.714073181, 58.3036842346, 82.3490142822, 48.5076179504, 19.566986084, 22.4439277649, 1.52442169189, 40.6340522766, 28.8960590363, 7.13789749146, 23.7035236359, 37.2408561707]

[-797.821838379, 216.76574707, 72.8339538574, 110.255714417, 37.8585395813, 32.7771492004, 53.6626815796, 26.1823368073, 17.4425010681, 35.8591156006, 28.3919792175, 15.5622730255, 20.3009109497]

[-823.126708984, 179.463989258, 68.4722595215, 84.4465713501, 44.6079750061, 32.5285797119, 32.6270980835, 22.3316287994, 5.21362686157, 16.2449817657, 10.2538795471, 15.8908061981, 16.5615692139]

[-792.643249512, 186.819763184, 103.478675842, 103.639472961, 56.2912025452, 33.2553863525, 27.1727218628, 46.6350784302, 13.3864612579, 16.218164444, 12.37342453, 16.5584201813, 26.7052154541]

[-833.590576172, 205.752868652, 78.3384399414, 141.72026062, 25.4540901184, 16.6813201904, 51.4212722778, 37.9291954041, 21.3160438538, 12.5740451813, 30.8148765564, 26.8297367096, 15.0895767212]

[-815.650939941, 201.840148926, 99.4064331055, 67.6297302246, 48.2928504944, 18.7297515869, 34.8267288208, 17.6175785065, 15.1220245361, 16.2308826447, 13.7623405457, 22.4110050201, 19.3559150696]

[-816.472839355, 208.600708008, 79.3249511719, 79.0591125488, 71.2261505127, 23.237449646, 20.9030647278, 13.7520542145, 12.5382194519, 33.8146514893, 28.5776023865, 24.0133991241, 27.7985076904]

[-673.296875, 170.911407471, 35.0714759827, 57.296546936, 38.7100257874, 17.8873138428, 38.5640182495, 18.4862003326, 19.1147994995, 1.04328155518, 16.6355628967, 16.1796340942, 12.9275512695]

[-800.095153809, 203.441894531, 62.5461158752, 103.227912903, 59.9742927551, 18.5689697266, 33.6917800903, 13.2185153961, 14.9789638519, 30.6215686798, 18.8668308258, 13.3418655396, 13.0340042114]

[-820.38079834, 191.060089111, 54.8849220276, 102.395515442, 38.5237770081, 3.59140777588, 2.17796707153, 11.2790241241, 15.9884300232, 26.9606723785, 29.7993431091, 5.92559051514, 23.6851196289]

[-814.436950684, 154.275756836, 134.876708984, 47.6280822754, 30.5005226135, 35.9518241882, 20.6995735168, 15.7908687592, 18.7174777985, 16.6460285187, 17.2183952332, 24.0705890656, 16.0726585388]

[-863.426208496, 161.129882812, 123.514602661, 55.2570495605, 34.7232704163, 47.1134643555, 29.6828689575, 26.5229434967, 39.5991287231, 4.89049530029, 8.13677215576, 25.6922245026, 6.11540222168]

[-782.229614258, 181.120025635, 79.2144165039, 71.597946167, 79.4049530029, 28.5190162659, 27.1891098022, 13.3297977448, 15.9304351807, 39.2104644775, 25.035068512, 12.8056640625, 4.51013946533]

[-798.851013184, 187.57232666, 82.1917724609, 50.1590423584, 41.680103302, 4.51882171631, 21.6871337891, 22.5610599518, 15.8124103546, 16.0809516907, 25.5102958679, 14.1356811523, 14.6563205719]

[-793.358703613, 170.877685547, 114.628952026, 21.715959549, 43.1333656311, 43.4858169556, 29.217918396, 24.5056247711, 14.6097888947, 2.85008239746, 15.4516811371, 17.3795566559, 7.98435211182]

[-797.162780762, 200.285003662, 56.2958717346, 42.5101356506, 40.925693512, 5.32592010498, 35.0230636597, 22.0981693268, 14.7123775482, 17.2043857574, 25.2659492493, 28.8614063263, 12.3784980774]

[-809.356994629, 177.388702393, 63.7795753479, 78.4808654785, 33.5983009338, 26.7437973022, 45.2276687622, 16.0915775299, 11.3451652527, 24.6609745026, 19.4516181946, 17.3602924347, 7.9044418335]

[-765.634216309, 244.971069336, 94.3999938965, 123.758216858, 54.5173530579, 31.7096309662, 32.252571106, 22.7432193756, 11.1415214539, 40.6973724365, 14.3482017517, 6.90325927734, 31.8258476257]

[-699.327636719, 239.221862793, 78.5755081177, 90.5771636963, 30.2611885071, 34.2317047119, 31.6161880493, 19.3505496979, 1.36547851562, 27.7163696289, 27.896900177, 8.18574523926, 36.916683197]

[-715.82019043, 253.589904785, 71.3638000488, 106.66607666, 64.5375518799, 64.6282806396, 9.505859375, 39.1075401306, 10.066860199, 16.0342445374, 17.8394432068, 12.7636795044, 36.9680290222]

[-702.802185059, 231.223388672, 67.9078063965, 90.0765457153, 59.5840034485, 24.9924468994, 19.4186134338, 39.0771598816, 0.983573913574, 26.2703266144, 33.3117256165, 14.4523544312, 24.839263916]

[-740.307556152, 218.910217285, 87.8449707031, 69.4546356201, 52.4644203186, 30.740688324, 8.44282913208, 17.411157608, 13.2665119171, 30.2888278961, 12.0230674744, 4.21283721924, 21.8596191406]

[-779.004699707, 252.196807861, 98.6822509766, 98.4754943848, 67.2298583984, 24.2372131348, 20.7742061615, 23.0020694733, 13.9083061218, 28.512506485, 34.1196708679, 26.2040843964, 16.5289840698]

[-749.02520752, 234.680480957, 56.2676124573, 97.5922851562, 83.8434753418, 53.6900787354, 19.5919685364, 27.2114048004, 16.5165214539, 16.8067111969, 12.8356437683, 14.3642997742, 19.4415512085]

[-711.548706055, 261.140319824, 105.964538574, 82.6939468384, 69.4365386963, 31.1762256622, 23.2516059875, 42.1267700195, 8.5488319397, 21.4080085754, 13.6487541199, 19.1536045074, 25.5034790039]

[-753.221130371, 242.504394531, 69.640045166, 110.372917175, 62.7907295227, 33.6362380981, 17.6068305969, 13.9963169098, 5.38312911987, 22.6524066925, 23.3058662415, 14.6786804199, 25.3854522705]

[-670.657409668, 227.571685791, 79.2155838013, 64.2495193481, 60.9628562927, 44.8164596558, 22.6190834045, 25.9047660828, 31.1348152161, 59.0463790894, 22.4648513794, 2.18113708496, 35.9907188416]

[-537.760620117, 209.397491455, 65.0238342285, 67.1347045898, 51.0898323059, 40.9686965942, 30.3957443237, 14.329416275, 33.1875762939, 25.5292377472, 16.0482749939, 28.1572132111, 13.1680755615]

[-683.563415527, 259.379974365, 122.847564697, 46.0329704285, 51.6344490051, 55.4770965576, 12.9543190002, 5.64852905273, 6.9401473999, 45.9156188965, 15.3609275818, 2.17971801758, 29.0907859802]

[-770.92791748, 237.518127441, 66.7965393066, 73.8656005859, 58.8889198303, 20.3705291748, 22.5781288147, 7.28398323059, 11.4845237732, 13.751543045, 19.4239273071, 10.4957427979, 23.3574810028]

[-710.624755859, 239.43762207, 73.7595825195, 53.1706848145, 57.4127807617, 33.126739502, 35.8951416016, 23.6890277863, 19.5993118286, 52.9479980469, 24.6654930115, 9.61298370361, 42.4859619141]

[-753.584655762, 238.657653809, 90.4484863281, 78.1334381104, 68.3589477539, 11.526260376, 16.8420600891, 26.3396244049, 18.1155052185, 7.83709144592, 24.2212638855, 13.3410873413, 19.2670288086]

[-630.693115234, 241.406005859, 117.598060608, 68.3944549561, 63.0598716736, 41.2803573608, 5.13817214966, 31.1356067657, 16.3586196899, 47.5813064575, 15.8187599182, 5.64306259155, 39.6703910828]

[-747.462158203, 229.388214111, 45.5825843811, 66.2994918823, 69.0037384033, 27.1989059448, 7.09457778931, 1.05788421631, 42.0156745911, 1.44329833984, 7.87386703491, 31.4099769592, 12.6485939026]

[-698.268005371, 226.062835693, 86.0477294922, 81.5058059692, 57.0935554504, 29.0664825439, 39.0741958618, 27.1351947784, 6.79679298401, 53.6036682129, 34.6160087585, 10.8606643677, 26.7118015289]

[-712.174865723, 248.460662842, 66.5787658691, 76.5166854858, 49.2411079407, 21.1958465576, 11.9918403625, 10.6268157959, 2.31435775757, 23.6870689392, 16.9792442322, 7.64450645447, 24.0243988037]

[-634.638671875, 261.947021484, 75.2988128662, 67.5349731445, 62.0163764954, 46.9367027283, 27.5091171265, 30.8780155182, 5.61196708679, 47.7393074036, 12.7192420959, 15.6271762848, 34.0837745667]

[-741.841064453, 244.550811768, 78.3265991211, 88.2501144409, 38.5789680481, 35.9881591797, 53.4771957397, 18.6191959381, 1.40174102783, 44.2892379761, 30.9273796082, 18.0969944, 22.8847942352]

[-744.65826416, 248.386260986, 42.953037262, 62.7380409241, 57.4716072083, 20.5820407867, 24.5995979309, 56.7742195129, 6.00869369507, 28.9350757599, 44.9807395935, 7.2586517334, 25.6868438721]

[-805.19128418, 253.573364258, 132.776580811, 95.2723922729, 49.3344154358, 44.1151657104, 12.1348609924, 16.5488834381, 3.54803466797, 7.27514457703, 17.0533332825, 8.95220184326, 39.0161552429]

[-831.471618652, 263.452819824, 80.9330444336, 96.8988571167, 61.8719520569, 49.7594680786, 38.0839614868, 15.6165676117, 13.9584960938, 33.2425613403, 25.6386566162, 21.0200958252, 12.4096641541]
