
[4484.83740234, 2387.81396484, 762.101928711, 946.710754395, 336.611083984, 889.435852051, 450.769195557, 512.345703125, 290.570617676, 431.472167969, 263.899047852, 181.863922119, 97.4934616089]

[8323.52636719, 3078.25170898, 2077.09155273, 1912.02978516, 489.853637695, 664.053588867, 612.531738281, 471.53125, 329.135253906, 306.317993164, 220.938583374, 264.771942139, 63.9621276855]

[14198.2109375, 7189.89355469, 1005.17095947, 751.863891602, 1096.70324707, 1187.99890137, 452.805175781, 321.82144165, 249.141281128, 155.19241333, 123.939071655, 119.289619446, 85.8964233398]

[9789.87207031, 5809.69384766, 1070.40209961, 492.468902588, 909.343078613, 614.039611816, 535.461669922, 531.863525391, 315.751190186, 215.941085815, 141.252182007, 128.706298828, 78.2802581787]

[11654.6005859, 5876.95410156, 920.326171875, 506.460174561, 1177.5168457, 932.315063477, 553.161193848, 353.600463867, 449.096099854, 135.878662109, 119.200584412, 285.905029297, 94.7657546997]

[14542.8623047, 6840.36523438, 935.873352051, 1429.01574707, 335.987426758, 587.420898438, 384.184936523, 476.73147583, 298.309448242, 179.937973022, 126.323219299, 113.90196228, 96.6391830444]

[32625.4199219, 1672.17687988, 2694.04467773, 411.044311523, 921.61920166, 481.639648438, 243.82913208, 416.308074951, 348.080627441, 255.300338745, 179.588668823, 147.211593628, 171.251617432]

[11038.0205078, 6486.22412109, 1062.53149414, 1024.89086914, 656.721374512, 641.146179199, 519.215209961, 495.799316406, 253.757339478, 339.360626221, 110.945800781, 180.127487183, 103.76725769]

[26218.5117188, 4210.7734375, 1715.50805664, 1415.42553711, 596.594726562, 674.347717285, 590.182312012, 362.496795654, 156.580200195, 167.772827148, 127.754867554, 373.980163574, 112.584251404]

[5192.02148438, 1586.9152832, 806.323486328, 519.539794922, 304.070129395, 440.259002686, 605.67401123, 485.410827637, 224.056411743, 149.217132568, 285.717193604, 138.477584839, 102.145866394]

[13966.6523438, 5759.08349609, 526.826965332, 334.785888672, 443.787750244, 293.479003906, 330.340576172, 366.50881958, 266.974182129, 73.9815673828, 58.023349762, 151.59552002, 61.4852294922]

[9752.47265625, 3968.59130859, 2056.59301758, 1287.7310791, 175.618606567, 980.742126465, 626.950012207, 481.389801025, 405.376464844, 198.050537109, 107.339241028, 209.354507446, 87.3681488037]

[13463.1015625, 6668.80371094, 1738.61853027, 796.688171387, 570.943786621, 1142.55029297, 681.315734863, 289.960205078, 145.341506958, 163.459823608, 163.308792114, 135.169967651, 112.366394043]

[13600.0566406, 7153.61083984, 886.361328125, 1506.1628418, 707.788635254, 1280.86853027, 1029.60107422, 425.908233643, 432.855102539, 122.521018982, 204.024765015, 174.538223267, 89.5718841553]

[12245.2724609, 6094.04443359, 1864.6776123, 526.309387207, 514.551879883, 493.575927734, 454.105773926, 255.709121704, 206.838104248, 86.5158004761, 104.449401855, 224.255432129, 195.837417603]

[13036.9023438, 6390.72021484, 2304.015625, 652.232055664, 617.21685791, 716.91986084, 304.1980896, 367.439605713, 182.389450073, 248.586990356, 237.01763916, 145.968917847, 89.5062866211]

[27815.7011719, 3749.7512207, 4207.90234375, 594.721679688, 543.821594238, 1410.91113281, 291.649597168, 466.750183105, 400.46295166, 346.840332031, 247.757202148, 145.01399231, 162.904052734]

[13236.015625, 5667.48144531, 993.198486328, 1123.97827148, 380.180999756, 457.094024658, 441.111206055, 201.95262146, 301.088562012, 101.466033936, 65.9095153809, 192.584487915, 62.7098808289]

[16032.8115234, 5818.5, 809.362060547, 993.162109375, 306.117370605, 1550.98022461, 530.799377441, 249.312225342, 441.715301514, 199.063247681, 268.973449707, 200.821762085, 77.1374816895]

[7624.82714844, 4539.26953125, 2053.17016602, 316.867706299, 283.000671387, 335.973083496, 604.953857422, 361.069946289, 307.17086792, 256.98147583, 138.171859741, 115.986320496, 54.1183166504]

[8188.44091797, 4210.70458984, 1654.78112793, 462.603668213, 273.991424561, 546.477966309, 739.975219727, 411.53918457, 337.488311768, 322.059814453, 115.5548172, 131.372589111, 137.256134033]

[14361.4501953, 7412.171875, 1959.04248047, 607.368835449, 662.549865723, 1335.02807617, 540.040100098, 246.947784424, 374.403045654, 351.635620117, 142.720352173, 275.618804932, 45.4739646912]

[8707.12402344, 5037.64794922, 750.069641113, 563.616943359, 573.019226074, 470.513763428, 864.239379883, 727.446533203, 354.335205078, 191.079040527, 186.287307739, 142.2474823, 70.3827667236]

[12269.2792969, 5653.16357422, 2583.49633789, 778.083374023, 666.771606445, 350.472686768, 739.298950195, 506.247009277, 361.912139893, 156.071533203, 134.448669434, 233.332809448, 97.547492981]

[12650.3369141, 6145.47167969, 535.702026367, 544.09576416, 994.182983398, 473.659545898, 680.408752441, 620.028808594, 405.718383789, 159.5753479, 75.0311889648, 147.034683228, 59.4128799438]

[9734.28613281, 4008.45263672, 1697.22131348, 980.034484863, 899.934692383, 547.932617188, 743.764160156, 363.124786377, 330.388977051, 186.649795532, 105.033111572, 81.1884689331, 64.6590652466]

[18110.0488281, 8553.24902344, 1244.88342285, 1164.83203125, 573.005737305, 797.266479492, 1074.24060059, 247.162185669, 187.410263062, 347.627868652, 216.707473755, 383.346740723, 160.329315186]

[31965.2167969, 8070.56494141, 1405.12121582, 533.906066895, 194.069854736, 504.763336182, 559.311889648, 156.927368164, 646.768676758, 84.9262542725, 176.114044189, 225.751419067, 128.721115112]

[14822.8271484, 11811.3515625, 1292.67285156, 1546.3885498, 687.42199707, 474.665588379, 602.838989258, 373.899261475, 193.108016968, 128.763320923, 127.55304718, 217.447753906, 182.9425354]

[25030.1308594, 8171.59277344, 1170.60424805, 783.029907227, 636.617126465, 643.788024902, 379.40512085, 198.172149658, 413.740753174, 203.400390625, 172.054779053, 190.0443573, 88.5079040527]

[19043.2285156, 7790.69433594, 1137.17382812, 752.603088379, 612.212097168, 466.45413208, 647.717590332, 234.670928955, 322.307952881, 204.838150024, 134.372558594, 228.155715942, 99.4590759277]

[15286.5146484, 7343.42626953, 900.288574219, 485.371032715, 408.504425049, 545.553161621, 511.666625977, 277.362030029, 509.122772217, 168.329086304, 196.565078735, 231.550613403, 71.3297424316]

[20362.7265625, 7215.70068359, 994.168640137, 690.711364746, 410.04385376, 503.885284424, 786.123413086, 526.841186523, 263.967071533, 110.725189209, 127.787628174, 205.421539307, 106.113822937]

[22225.9003906, 13259.1416016, 1165.62243652, 604.549682617, 598.80065918, 813.270385742, 565.129760742, 296.227630615, 313.667114258, 217.909210205, 132.487091064, 210.774902344, 89.770324707]

[20496.2402344, 6688.61035156, 802.997314453, 1017.28967285, 475.42578125, 587.665466309, 465.663757324, 223.267120361, 436.626678467, 123.788551331, 156.301605225, 281.776885986, 85.1636123657]

[30612.9726562, 8355.94140625, 1902.9666748, 428.750427246, 575.651855469, 513.542602539, 332.546600342, 340.506774902, 331.958374023, 325.964019775, 114.201423645, 140.29927063, 213.048843384]

[47436.453125, 4185.51855469, 1508.32580566, 780.442993164, 673.529418945, 489.137786865, 580.433959961, 146.457580566, 101.598983765, 150.736938477, 188.811843872, 94.4508895874, 61.5446891785]

[32711.0820312, 7700.54443359, 1988.2701416, 218.757339478, 273.616973877, 572.799072266, 696.713928223, 447.466430664, 679.153503418, 232.651641846, 110.683311462, 300.961547852, 115.446586609]

[17812.6933594, 6778.10839844, 940.50604248, 407.357025146, 244.863693237, 749.363098145, 593.234924316, 191.799560547, 259.210632324, 205.312011719, 61.6858329773, 166.017929077, 64.4125061035]

[27278.0625, 6881.03759766, 1025.90332031, 784.072143555, 370.894897461, 324.337280273, 492.156097412, 542.179382324, 486.405548096, 399.056518555, 165.308914185, 172.413879395, 194.552139282]

[19381.8046875, 8639.76855469, 698.106872559, 524.93560791, 453.017486572, 513.151000977, 618.642333984, 220.764389038, 359.598175049, 222.204742432, 83.4993591309, 145.17515564, 96.1476135254]

[27679.890625, 8205.33789062, 2010.34643555, 827.617736816, 724.039001465, 963.616333008, 628.399291992, 469.7265625, 546.333251953, 350.640777588, 149.101806641, 165.753829956, 266.365600586]

[18300.0390625, 6808.94677734, 920.713806152, 872.466308594, 794.061584473, 243.504211426, 478.850006104, 282.10244751, 357.338775635, 124.349250793, 45.2183990479, 95.9402770996, 110.432769775]

[30134.7617188, 7191.97802734, 1015.26959229, 703.623596191, 253.315765381, 623.252258301, 275.192169189, 308.805541992, 939.502685547, 208.106491089, 147.315155029, 146.563980103, 64.350440979]

[23990.765625, 12806.6513672, 551.194274902, 993.59777832, 224.663650513, 262.763641357, 421.92956543, 246.422363281, 324.075836182, 170.409622192, 182.937561035, 60.6649971008, 68.5164108276]

[23720.4160156, 9180.04003906, 1777.67126465, 513.94934082, 358.338745117, 1295.1673584, 511.652893066, 504.095672607, 399.658630371, 292.534637451, 177.804351807, 236.619674683, 197.380523682]

[23348.8496094, 14142.7246094, 881.307495117, 545.469970703, 379.774536133, 285.186401367, 411.34677124, 335.893768311, 494.600646973, 218.782821655, 148.085845947, 135.583465576, 61.264541626]

[17299.3496094, 9686.92871094, 1183.34533691, 686.765258789, 613.03704834, 620.465454102, 264.952026367, 448.881164551, 379.431976318, 319.807525635, 155.731445312, 171.091293335, 93.0474700928]

[17408.0195312, 6583.08886719, 864.91619873, 724.580200195, 179.258026123, 574.068725586, 1036.29418945, 212.906814575, 310.032440186, 129.057937622, 134.494979858, 292.368865967, 98.9106369019]

[11091.0703125, 7987.04882812, 1287.44177246, 1229.64086914, 657.661499023, 498.363616943, 421.108764648, 414.126922607, 478.989318848, 272.363464355, 99.8787994385, 158.326461792, 99.1249313354]
